        14      shear     bulk
         0.00 999999999 999999999
      1221.50 999999999 999999999
      1221.50 999999999 999999999
      3480.00 999999999 999999999
      3480.00 999999999 999999999
      5719.85 999999999 999999999
      5719.85 999999999 999999999
      6171.00 999999999 999999999
      6171.00 999999999 999999999
      6301.00 999999999 999999999
      6301.00 999999999 999999999
      6365.78 999999999 999999999
      6365.78 999999999 999999999    
      6371.00 999999999 999999999
